,acc,loss,val_acc,val_loss
0,0.9102500081062317,0.04078081439559658,0.9710833430290222,0.01597567356626193
1,0.9672916531562805,0.01774649903240303,0.8536666631698608,0.05289360494414965
2,0.9749374985694885,0.014555177030153573,0.9729999899864197,0.01617700834572315
3,0.9787083268165588,0.012458818781810502,0.9757500290870667,0.013780997902154922
4,0.9809583425521851,0.011001923067805668,0.9397500157356262,0.0250262976984183
5,0.9826041460037231,0.009871004714630545,0.9800833463668823,0.010845558520406485
6,0.98416668176651,0.009344702566663424,0.9759166836738586,0.011119848493486642
7,0.9856041669845581,0.008798631263431162,0.9854166507720947,0.006815547829493881
8,0.9871041774749756,0.00830490262620151,0.9785000085830688,0.010442683854450782
9,0.9878125190734863,0.00801644338069794,0.984499990940094,0.00669353240604202
10,0.9882708191871643,0.0077448365714711444,0.984499990940094,0.007841613727932175
11,0.9893541932106018,0.0074714480343585216,0.9871666431427002,0.0058813679659118255
12,0.9897083044052124,0.007377902293888231,0.9883333444595337,0.004775794313289225
13,0.9905624985694885,0.0071183266586934526,0.9880833625793457,0.005202013392001391
14,0.9904791712760925,0.00700293525106584,0.9890833497047424,0.004610565937434634
15,0.9916250109672546,0.006848571643000468,0.9880833625793457,0.0049007812095806
16,0.9917708039283752,0.006687789371314769,0.9831666946411133,0.00638380205941697
17,0.9917083382606506,0.006570311245508492,0.9867500066757202,0.005482526451349258
18,0.992145836353302,0.006520927474523584,0.9896666407585144,0.004127171808232864
19,0.9927499890327454,0.006511464326720064,0.9892500042915344,0.004473713533642391
20,0.9929791688919067,0.006249571096152067,0.9880833625793457,0.004462886224500835
21,0.9932291507720947,0.006196264687537526,0.9895833134651184,0.003859992615878582
22,0.9932291507720947,0.006080516116926446,0.9879999756813049,0.004537457026851674
23,0.9936458468437195,0.006055570286155368,0.9903333187103271,0.0035161275022352737
24,0.9942708611488342,0.005963894804473967,0.9891666769981384,0.00395774421778818
25,0.9943333268165588,0.005982354790593187,0.987500011920929,0.004483942161624631
26,0.9946249723434448,0.005877565515538057,0.9860000014305115,0.0045402429746463895
27,0.9945208430290222,0.005840915522460515,0.9899166822433472,0.0034931532296662527
28,0.9946458339691162,0.005767869227255384,0.9894166588783264,0.003989126040910681
29,0.9950416684150696,0.0057738131610676644,0.9890833497047424,0.003663915768886606
