,acc,loss,val_acc,val_loss
0,0.9105833172798157,0.040796152036016185,0.7350000143051147,0.05588265960415204
1,0.9736875295639038,0.013771648421262701,0.9636666774749756,0.018215445930759112
2,0.9783124923706055,0.01139371572000285,0.9800000190734863,0.008347562811647852
3,0.9805208444595337,0.01012577501622339,0.9755833148956299,0.011235557901362579
4,0.9830208420753479,0.009372637852560728,0.9825000166893005,0.009156195305287837
5,0.9843541383743286,0.008994356666691601,0.987333357334137,0.005088224611555537
6,0.9856250286102295,0.008621537623926997,0.9788333177566528,0.008675426257153352
7,0.9860625267028809,0.008285389289725572,0.98416668176651,0.007437845217684905
8,0.9867708086967468,0.008119116958385955,0.9815000295639038,0.009789959516376257
9,0.9879583120346069,0.007820816532863924,0.9835833311080933,0.008041500714917977
10,0.9881041646003723,0.007746634972514585,0.984250009059906,0.00641015729183952
11,0.9880833625793457,0.007536658347118646,0.9871666431427002,0.004974850496587654
12,0.9880416393280029,0.007435213309091826,0.9826666712760925,0.0068135883652915554
13,0.9893333315849304,0.007276265358397116,0.9798333048820496,0.011197485918800036
14,0.989270806312561,0.0071521018228959295,0.984416663646698,0.00604409369888405
15,0.9893125295639038,0.007124320717838903,0.9751666784286499,0.011824250057339667
