,acc,loss,val_acc,val_loss
0,0.8856666684150696,0.04420407233325144,0.9543333053588867,0.022157765043278536
1,0.953374981880188,0.02034938371491929,0.9680833220481873,0.01470665370548765
2,0.9673333168029785,0.015642711732226113,0.9272500276565552,0.05026304278771083
3,0.9745625257492065,0.013083704217957954,0.9775833487510681,0.014837771040697893
4,0.9788333177566528,0.011459911461298664,0.9758333563804626,0.012832829094181458
5,0.9800624847412109,0.010663630556159964,0.9603333473205566,0.03527561362584432
6,0.9830625057220459,0.00995687593302379,0.9750833511352539,0.011642562236636877
7,0.984458327293396,0.009283518359685938,0.9762499928474426,0.0179263716985782
8,0.9852499961853027,0.00899449199764058,0.9826666712760925,0.016050695178409416
9,0.9860833287239075,0.008652482781404009,0.9839166402816772,0.008992511785278717
10,0.9862708449363708,0.00832284398113067,0.9680833220481873,0.038102172801891966
11,0.9872499704360962,0.008074565447866916,0.9770833253860474,0.010922485161572695
12,0.9882916808128357,0.007685363325911264,0.9750000238418579,0.015606788076460362
13,0.989062488079071,0.007558410673247029,0.9815000295639038,0.011845351997762918
14,0.9893541932106018,0.007430397693223009,0.9884166717529297,0.005757396200671792
15,0.9905416369438171,0.007228747714466105,0.9795833230018616,0.013698506310582162
16,0.9900624752044678,0.007097668918780982,0.9862499833106995,0.005734359484165907
17,0.9904791712760925,0.006914603276799123,0.9857500195503235,0.005983413614332676
18,0.9909583330154419,0.00679103463042217,0.9865000247955322,0.00603321198746562
19,0.9905833601951599,0.006778545531909913,0.987416684627533,0.004741295942726234
20,0.991812527179718,0.006635465486052756,0.9869166612625122,0.0051146600637584924
21,0.991812527179718,0.006532423432373131,0.9652500152587891,0.015396569674213727
22,0.9918333292007446,0.006501123500056565,0.98458331823349,0.005863873384892941
23,0.991937518119812,0.006430506159473832,0.9880833625793457,0.004067101370232801
24,0.9926666617393494,0.0063645768798111626,0.984749972820282,0.006848030288393299
