,acc,loss,val_acc,val_loss
0,0.914104163646698,0.036179671946913,0.9526666402816772,0.027626960754394532
1,0.9670000076293945,0.015237171693084141,0.9167500138282776,0.02694519104560216
2,0.9745000004768372,0.012637046991226574,0.9671666622161865,0.021595986058314642
3,0.9780208468437195,0.011434217882032196,0.972000002861023,0.016372149422764777
4,0.9806666374206543,0.010462026860875388,0.9820833206176758,0.008889791116118432
5,0.9817500114440918,0.009922400805012633,0.9778333306312561,0.01238470260798931
6,0.984208345413208,0.009342966554220766,0.9796666502952576,0.009677300967276096
7,0.9853958487510681,0.00895203495832781,0.9774166941642761,0.009544390325744946
8,0.9861666560173035,0.008476497501522923,0.984083354473114,0.007658258906255166
9,0.9856041669845581,0.00830739195101584,0.9838333129882812,0.006491070585946242
10,0.9867083430290222,0.008001596545645346,0.9799166917800903,0.00730247423487405
11,0.9878125190734863,0.007639299449200432,0.9838333129882812,0.005404390505515039
12,0.9888333082199097,0.007436872427351773,0.9869999885559082,0.0054347470393404365
13,0.9884166717529297,0.007244748541542018,0.9810000061988831,0.00945654084160924
14,0.9890833497047424,0.007206310914518932,0.9862499833106995,0.005534554977590839
15,0.9892083406448364,0.006955506028917928,0.9649999737739563,0.012975352293501297
16,0.9896875023841858,0.006925638443324715,0.9857500195503235,0.005759817743053039
17,0.9902291893959045,0.006791763107913236,0.9869999885559082,0.0047560746067514025
18,0.9906041622161865,0.006680227446369827,0.9815000295639038,0.006701928862680991
19,0.9897916913032532,0.006660808843715737,0.9867500066757202,0.004522303543674449
20,0.9909583330154419,0.006513562219527861,0.9871666431427002,0.0046828533656274275
21,0.9903333187103271,0.006525137973716483,0.9857500195503235,0.005263195099309087
22,0.9908750057220459,0.006499732007272541,0.9595833420753479,0.01909636097153028
23,0.9913125038146973,0.006345404157803084,0.9837499856948853,0.005258970931172371
24,0.9908541440963745,0.006327043574303389,0.9570000171661377,0.02098198863863945
25,0.9915000200271606,0.006323520873828481,0.98416668176651,0.005269879741594196
26,0.991854190826416,0.006322538394325723,0.9861666560173035,0.005671718951314688
27,0.9915833473205566,0.006204972315036381,0.9856666922569275,0.004794089817752441
28,0.9918333292007446,0.006187688065227121,0.9863333106040955,0.004211503989994526
29,0.991895854473114,0.006114105816852922,0.9490833282470703,0.01567963459715247
