,acc,loss,val_acc,val_loss
0,0.9223333597183228,0.03760859746237596,0.9764999747276306,0.013623692624270916
1,0.9749166369438171,0.013986857212769488,0.9804166555404663,0.012351738974452018
2,0.9796249866485596,0.01165512012100468,0.9831666946411133,0.009614925009508928
3,0.9814791679382324,0.010447908136372764,0.981333315372467,0.009285775610556206
4,0.9838125109672546,0.009679755348091325,0.9864166378974915,0.0063819800646354756
5,0.9848541617393494,0.00918616543446357,0.9833333492279053,0.007785451484223207
6,0.9855625033378601,0.00874515533943971,0.9869166612625122,0.006658228763689597
7,0.9870625138282776,0.008445429699805876,0.9871666431427002,0.006133447758853435
8,0.9868958592414856,0.008265562204799305,0.9886666536331177,0.0053241993139187494
9,0.9873541593551636,0.00791863312975814,0.9877499938011169,0.0055706099445621176
10,0.9879791736602783,0.00776930322808524,0.987416684627533,0.005378725578387578
11,0.9883541464805603,0.0075249407915398475,0.987500011920929,0.005482528839881221
12,0.9897500276565552,0.007340836266521365,0.9857500195503235,0.006327214028065404
13,0.9890833497047424,0.007309664485510439,0.9896666407585144,0.004937680447784563
14,0.9899166822433472,0.007237729548942298,0.9884166717529297,0.0057261004038155075
15,0.9902708530426025,0.007052467299004396,0.9891666769981384,0.004230369150017698
16,0.9911666512489319,0.006948650414434572,0.9880833625793457,0.004922187381113569
17,0.9903749823570251,0.006892482132728522,0.9900000095367432,0.0044287784220650795
18,0.9912916421890259,0.0067990367567787565,0.9879999756813049,0.005406759650136034
19,0.9916250109672546,0.006742915980052203,0.9897500276565552,0.004595667701524993
20,0.9915416836738586,0.0066171187388245015,0.9889166951179504,0.004832319358674188
21,0.9923750162124634,0.006523874173251291,0.9880833625793457,0.005088888641136388
22,0.9919999837875366,0.00656190993085814,0.9890833497047424,0.004177850253880024
23,0.992062509059906,0.006384616779396311,0.9900833368301392,0.003963767723801235
24,0.9922916889190674,0.006408740607711176,0.9879166483879089,0.004642238273906211
25,0.9926249980926514,0.006266551997046918,0.9908333420753479,0.003939396894536913
26,0.992479145526886,0.006318294511642307,0.9896666407585144,0.003921483448085686
27,0.9931666851043701,0.006267295160020391,0.9891666769981384,0.003829216414752106
28,0.9930416941642761,0.0062514139827496065,0.9902499914169312,0.004167060066014528
29,0.9928541779518127,0.006168701366443808,0.9891666769981384,0.004274815571804842
