,acc,loss,val_acc,val_loss
0,0.9258958101272583,0.03592859038089712,0.9645833373069763,0.02196359399954478
1,0.9726250171661377,0.014865453938022256,0.8090000152587891,0.07368628267447154
2,0.9776458144187927,0.012208042499919733,0.981333315372467,0.009432813136527936
3,0.9804791808128357,0.010821366036310792,0.9848333597183228,0.008165304011354844
4,0.9838333129882812,0.00977174325985834,0.9294999837875366,0.02570838105926911
5,0.984291672706604,0.009347892610511431,0.9839166402816772,0.007777422856539488
6,0.9854583144187927,0.008833735559290895,0.984499990940094,0.006597987240801255
7,0.9862083196640015,0.008401975580335905,0.9828333258628845,0.007866926772519945
8,0.9865833520889282,0.008240824764439216,0.9883333444595337,0.00557537548802793
9,0.9867500066757202,0.007972486616888394,0.950083315372467,0.0225137659534812
10,0.9878125190734863,0.007681654854832838,0.9865833520889282,0.005841123895098766
11,0.9885416626930237,0.007541608931031078,0.9779166579246521,0.008919732190668583
12,0.9888749718666077,0.007399398705922067,0.9782500267028809,0.009181611899286509
13,0.9892916679382324,0.007330977354043474,0.9867500066757202,0.004800074324943125
14,0.9894583225250244,0.007180713403814783,0.9858333468437195,0.005291792770847678
15,0.9901041388511658,0.007012613163950542,0.9859166741371155,0.004980637587296466
16,0.9898958206176758,0.006977511332836002,0.9877499938011169,0.004377057240344584
17,0.9899583458900452,0.006894038778574516,0.9859166741371155,0.005508576658554375
18,0.9912708401679993,0.006781739718901615,0.9850833415985107,0.006186606874068578
