,acc,loss,val_acc,val_loss
0,0.9045833349227905,0.04295883411479493,0.9574166536331177,0.023372409500181674
1,0.9674375057220459,0.017145210870541633,0.9779999852180481,0.011855411270012458
2,0.9756249785423279,0.013369711380451918,0.9792500138282776,0.009968814344455798
3,0.9789583086967468,0.011429775022591154,0.98458331823349,0.007752216906597217
4,0.9811041951179504,0.01028567285121729,0.9828333258628845,0.009348342088361581
5,0.9831874966621399,0.009490890965797007,0.9104166626930237,0.0255705346117417
6,0.984541654586792,0.00889962092988814,0.984416663646698,0.008737485705564419
7,0.9859374761581421,0.008380139567423612,0.987333357334137,0.005344177175002794
8,0.9859791398048401,0.007966492007176081,0.981166660785675,0.007600413442278901
9,0.987416684627533,0.0076807654338578385,0.984416663646698,0.00572523877521356
10,0.9887499809265137,0.007340031918603927,0.9796666502952576,0.008165489374349515
11,0.9894791841506958,0.007108924613644679,0.9859166741371155,0.004971764026209712
12,0.9898333549499512,0.006905453173754116,0.9790833592414856,0.007754256321117282
13,0.9904166460037231,0.0067707533737799775,0.9865833520889282,0.005237999233106772
14,0.9907708168029785,0.00660084393969737,0.9871666431427002,0.005038334832216302
15,0.9903958439826965,0.006593081479969745,0.9866666793823242,0.005329085588765641
16,0.9915208220481873,0.006365446428302676,0.9727500081062317,0.008553872578466931
17,0.991937518119812,0.006221023419561485,0.9888333082199097,0.004235637710429728
18,0.9914791584014893,0.0062893821156273285,0.987666666507721,0.004606767076998949
19,0.9926249980926514,0.006224110306628669,0.9865833520889282,0.005063628798350692
20,0.9928958415985107,0.006077297565604871,0.9894999861717224,0.003926609675399959
21,0.992520809173584,0.0061094635957852006,0.987333357334137,0.004445937506544094
22,0.9934999942779541,0.005888527388994892,0.9896666407585144,0.0036613924540579317
23,0.9929166436195374,0.005971378319431096,0.987416684627533,0.0042398884538561105
24,0.9933750033378601,0.0058684505846661825,0.987666666507721,0.004033011606739213
25,0.9935208559036255,0.005893269760301336,0.9886666536331177,0.003724349398476382
26,0.9940000176429749,0.005748056350741535,0.9748333096504211,0.007789085093264778
27,0.9940000176429749,0.005765123784076422,0.9888333082199097,0.003977056212412814
28,0.9943541884422302,0.005785034604448204,0.984666645526886,0.004603796572734912
29,0.9941458106040955,0.005651482086473455,0.9884166717529297,0.0037536472639379402
