,acc,loss,val_acc,val_loss
0,0.8732916712760925,0.05268355985482534,0.9596666693687439,0.0193992385144035
1,0.9586874842643738,0.019087718231913943,0.9759166836738586,0.012081368421514829
2,0.9703333377838135,0.014606525024088721,0.9674999713897705,0.023405805160601933
3,0.9766250252723694,0.012427727264041701,0.9245833158493042,0.07244231896599133
4,0.9790208339691162,0.011200678563676774,0.9729166626930237,0.014735530075927575
5,0.981083333492279,0.01028172923469295,0.9774166941642761,0.01436663525303205
6,0.9828958511352539,0.00950706518938144,0.9827499985694885,0.009445635764549177
7,0.984208345413208,0.008953464484152695,0.8020833134651184,0.03853882205983003
8,0.9851041436195374,0.008570896711821357,0.9822499752044678,0.0084512058130155
9,0.9855833053588867,0.008226053698454052,0.9606666564941406,0.01985305690020323
10,0.9872291684150696,0.007847122483421117,0.9856666922569275,0.007190833075592915
11,0.9881041646003723,0.007655829603939007,0.9773333072662354,0.008300795595472059
12,0.9888333082199097,0.007383731863616655,0.9660833477973938,0.015190378407637279
13,0.9888749718666077,0.007300406370777637,0.9752500057220459,0.010565228936572869
14,0.9888749718666077,0.007186231979479392,0.9714166522026062,0.01261628479262193
15,0.9897291660308838,0.006945327129680663,0.9757500290870667,0.014346670803924402
16,0.9903333187103271,0.006825967183026175,0.9782500267028809,0.008385857541734973
17,0.9905416369438171,0.00680859150722002,0.9819166660308838,0.007985966491823395
18,0.9912291765213013,0.006612759559415281,0.9864166378974915,0.005411938982084394
19,0.9914583563804626,0.006547204316438487,0.7910833358764648,0.03929050838450591
20,0.9917291402816772,0.0064183197983074935,0.9870833158493042,0.004432959279976785
21,0.992229163646698,0.0063456237167896085,0.9866666793823242,0.006274830821280678
22,0.9923750162124634,0.006346591806504875,0.9852499961853027,0.0070399453571687145
23,0.9929583072662354,0.006268973975830401,0.9854999780654907,0.0048038643129790825
24,0.9932708144187927,0.006021104494885852,0.965749979019165,0.019628694355487822
25,0.9931458234786987,0.006079329115726674,0.8535000085830688,0.029362083425124485
26,0.9932291507720947,0.005952385644894093,0.9852499961853027,0.005649769008470079
27,0.9932291507720947,0.006095228278310969,0.9832500219345093,0.006661314005653064
28,0.9938750267028809,0.005947277968982235,0.9867500066757202,0.003989272123513123
29,0.9936249852180481,0.005858576010524605,0.984250009059906,0.006210163737957676
